8.92256 12.0316 -1 -1.04584
18.0961 18.1148 1 14.2109
17.1116 17.8404 1 12.952
16.114 17.1341 1 11.2481
14.1045 15.9984 1 8.1029
16.9705 17.1783 1 12.1488
17.1287 18.0837 1 13.2124
17.8631 17.8479 1 13.711
16.1639 15.1472 1 9.3111
17.9797 18.0822 1 14.0619
12.9599 15.058 1 6.0179
7.8845 11.8744 -1 -2.2411
11.8908 9.04709 -1 -1.06211
11.163 8.87177 -1 -1.96523
8.05411 9.03421 -1 -4.91168
9.07068 7.92511 -1 -5.00421
11.9027 9.05654 -1 -1.04076
12.1922 7.86076 -1 -1.94704
10.9164 8.99033 -1 -2.09327
10.864 8.09833 -1 -3.03767
