13.1696 9.03756 -1 0.20716
8.92256 12.0316 -1 -1.04584
18.0961 18.1148 1 14.2109
11.9745 12.9329 1 2.9074
17.1116 17.8404 1 12.952
16.114 17.1341 1 11.2481
14.1045 15.9984 1 8.1029
16.9705 17.1783 1 12.1488
17.1287 18.0837 1 13.2124
17.8631 17.8479 1 13.711
16.1639 15.1472 1 9.3111
17.9797 18.0822 1 14.0619
12.9599 15.058 1 6.0179
17.0785 16.9201 1 11.9986
16.0367 17.1826 1 11.2193
13.8625 17.1188 1 8.9813
16.853 18.0193 1 12.8723
9.19372 16.1292 1 3.32292
16.9692 18.1857 1 13.1549
17.1176 17.8694 1 12.987
14.0275 14.173 1 6.2005
13.8821 14.808 1 6.6901
16.1397 17.0904 -1 11.2301
11.9865 16.1127 -1 6.0992
14.0436 15.9287 -1 7.9723
7.8845 11.8744 -1 -2.2411
11.8906 13.0542 -1 2.9448
9.17026 16.975 -1 4.14526
15.8517 9.00854 -1 2.86024
14.8385 18.1208 -1 10.9593
11.1842 11.0936 -1 0.2778
13.8961 16.9333 -1 8.8294
15.9938 14.9329 -1 8.9267
12.8408 13.1376 -1 3.9784
10.9482 10.8141 -1 -0.2377
13.1348 13.0991 -1 4.2339
12.14 12.8634 -1 3.0034
9.09951 12.1675 -1 -0.73299
13.8073 7.93509 -1 -0.25761
14.1613 9.00577 -1 1.16707
